"s","t","u","v","w"
1.91067200524967,-0.922728157478448,1.65905319665687,-0.109976288951503,-1.7649521915264
1.64283296829857,-1.57465547485733,1.26932995648712,0.903283766829829,-1.02744567113553
1.08558009434404,0.209459703029186,1.95207204773167,0.250734689623912,-0.530143618712581
2.10576390948524,-2.01005722263276,3.284367063423,0.319818579385335,-1.94525471692827
2.82457432269492,-1.05067316139816,2.51505615804204,0.62079434601555,-3.26161810539602
3.22668571475809,-1.93068253227718,0.391042145087656,0.671169215684291,-3.58036891470599
3.78785255424168,-3.61935452160533,0.522323937377426,-0.848239755752785,-1.82245829722418
4.25581308573454,-0.696987454277167,-0.664246522794867,-2.66835178413175,-1.40233616235055
3.61404790004345,-0.387945025654378,-0.676495950616711,-2.23936759691791,-3.84861105875243
4.04847975213751,-1.45689522274076,-0.278182139809429,-2.84653717411193,-4.40842556364558
4.98047086798219,-0.485413683394709,-1.42123644901924,-4.74067667662213,-3.74593474418118
4.76090469691687,0.674327543550486,-4.64215912666234,-5.44066606212875,-2.00352266032607
5.24792651887217,1.64703373553209,-4.27724927380747,-4.58778755559632,-1.9282733478785
5.91473736525914,0.447025821034496,-4.22081412100619,-4.17317925288058,-1.09458379094155
6.31380132541603,0.903479748749494,-3.63332489564999,-4.06632000930156,0.31371409179834
7.84086401787002,-0.264945844657769,-3.61667633034126,-4.32600235754031,-0.381778449887319
9.35332660510669,-1.61358983609162,-3.61321073093043,-3.8473722584797,-0.293169639200858
9.94466114409356,-1.23439012662632,-3.13307367830285,-4.07847000334982,-1.5012131639975
9.89320071868995,-1.4130680832079,-2.24734850370276,-3.85476588752458,-2.91097824157618
10.1617740908293,-1.49591190958016,-2.48987355905302,-3.77272674848478,-2.44687510131406
10.9431884128625,-0.785441290599196,-0.482285420938485,-5.16153624428898,-2.76882517753144
12.157653369901,-1.98991821700962,0.903629280408263,-6.53792949170761,-1.75962268441152
12.2420803050382,-2.33811994910258,0.864111435054925,-6.73200136944661,-2.07256511385472
13.5845822678935,-4.38997276728217,1.45076457428736,-7.61571671131809,-4.31835142713107
11.9909080182624,-4.29419145050219,2.66350236184937,-8.48583164005097,-6.23053538462869
10.4770325323225,-5.26455246446892,2.59631406511027,-7.7751224870331,-4.97605191870225
11.00973591931,-4.33589390809377,3.0412340382062,-6.53774572133896,-3.4953352129256
12.1102604404226,-2.41014159563663,3.61026115383338,-6.74891199706156,-3.20258381235508
12.6588132179402,-2.43951971223905,5.31234405097071,-5.16604420256367,-4.00564304762396
13.0850761368768,-2.86035565438099,5.50206452468222,-5.63722467349727,-2.87976018158135
13.0376776838548,-2.22793581164786,3.17193280151191,-6.67523620008603,-2.42121184281191
13.2613384390486,-0.284568967903334,2.35041022039291,-4.53855319881412,-3.08454861647879
13.3971005274397,-0.327501970678735,2.45178560500945,-4.42377085103567,-1.67364848630936
11.926100578955,-0.03728684765952,3.73322434415563,-3.86888308651767,-0.558910335707201
11.6979379322119,1.93861614434326,4.13036982700226,-2.77700758566403,-2.65110330284269
11.5856952804244,0.866721356408695,1.88905227506925,-2.99273111423775,-2.89085358020759
14.5374131969112,1.98824720497201,2.85305001554432,-2.11651682752271,-4.21847366127468
14.9711072626189,0.670673426519342,2.70623095966488,-1.80638424041998,-4.62329022202066
14.9419228066262,-0.436540670568392,2.16461060887663,-2.75528033312435,-4.09170785431628
14.4671979860697,-0.144709037603262,2.5347665959435,-4.0732363153697,-2.4677489278851
13.6957829951196,-0.255181749755497,1.31236884337998,-4.0459168692733,-2.35439569619661
14.6021174071641,-0.330768228466066,-0.0846086571086044,-3.55540158409955,-2.48917202276477
13.7408665694282,0.200666665081782,-0.845909085737124,-1.45782378402858,-3.98095954708302
14.0313028284228,-1.60825542350992,-0.223075923212196,-1.53157394140302,-3.89333602658524
15.0839639241866,-0.742507251857394,-1.86677154341922,-1.13265996070266,-0.940125712861639
14.9198323607213,-0.13079663091456,-2.01961874915618,-1.06229478047814,-0.342513913023705
15.2102417410263,-0.908560192402568,-1.90154678319233,-1.78436680473352,-0.681816034808204
13.2495375058495,-0.278528941779931,-0.267216030927976,-2.3488301735702,-0.579273376448615
11.7094963914797,-1.36639567008769,1.20146064767417,-2.90746712482987,-1.79777800590646
11.218502842662,-0.906662423136842,2.66191550550032,-2.64781629074035,-2.18547905638033
9.68881261990456,-0.308552216002209,2.21534773119707,-2.05782620072378,-1.18470835037332
7.63732517233346,-1.28331226989317,1.99744166181825,-2.56178127001031,0.951412806623538
7.82315663609562,-0.515917142538896,3.63984884982767,-2.78879711696841,0.330551740143188
7.9994883614884,-1.56804963232763,5.31111549274086,-1.71490759311051,0.619197199165715
9.17965434457383,-0.476249673964217,5.7446913878149,-3.32158324259986,1.64447664829121
10.929411046499,-1.37559047386163,6.01408050958802,-3.52825993700355,1.15149733579187
10.6867604584008,-1.34841013338307,5.45545402485142,-5.23748244829078,0.0336835794509303
11.4039819530325,-0.119240475054072,4.48260729338403,-4.90465126994006,-1.57618134402099
12.1041171129203,-2.83206494697707,6.48707840992322,-4.73836521327294,0.105796932775521
12.6444416572961,-0.752022570651467,7.69183471463859,-4.62755088132898,-1.28670181787147
13.2545674174418,0.530211090184894,8.02311099875013,-5.46314132386228,-2.53020353203868
14.2068738002045,0.78716465735357,8.79824344850423,-5.60311143327771,-4.31272423011797
14.3016364144663,-0.163050530424639,9.28806976605484,-4.58910131877381,-5.9801105811881
14.897235858391,0.194874683352356,10.361009241567,-2.4464360169622,-7.68165866657815
13.2724053269919,-0.636997498527951,10.9701162407862,-2.51687391411152,-6.81724479833763
13.8312835685782,-1.13753195340657,10.839335372446,-0.86585334854815,-6.14894899315642
13.2871184043953,-2.21604242680408,8.28164155410376,0.913419417905893,-6.07992430645886
12.5217550803369,-2.2636089234784,8.05479165454531,2.88284584919184,-6.25558428391719
13.4827707550169,-1.46800123727163,7.15490399709807,2.26796552227092,-7.13664615842444
14.8111341198131,-1.95893641372026,7.61855055884585,2.24496423271069,-7.30859708323818
15.9282288974053,-2.8244595996395,6.51115961014221,2.61434397346864,-6.0443598714495
17.0413446003316,-1.26511537038167,4.70279198432225,1.77717351449396,-6.03057466832247
17.3715585264936,-1.41806798756394,4.76536544128133,1.5821138180782,-6.18651534475551
16.6511749641173,-1.12138606237915,4.52433183660712,2.09704331168727,-5.45950769555342
18.5019799768757,-1.39975615627732,5.51827290430447,2.24237479561417,-5.18841681844805
20.4441018337819,0.528997769138795,6.29065798726649,2.66082465340812,-4.8379163282113
20.0874570559502,0.671874312138659,7.26297874107861,0.783807260605177,-3.83558325692572
19.887041602164,0.890625961431166,7.82798088685119,2.78661046909048,-4.42513338526845
19.3604140295778,-1.18640082154493,7.20975347251879,3.18127238650567,-2.86150634514366
21.2321286318695,-1.03849037919166,6.37354740320315,2.72010041720312,-2.31530436056394
20.6369602703858,-1.5827562854698,6.35446962025082,2.55766571350552,-3.83429549737636
20.9996877944751,-0.712578189779989,6.71194279906486,3.84273104345272,-3.46994129738037
19.9088911588819,-0.946540599436996,6.17962610244024,2.63730281702461,-2.69395586144435
20.7204942748892,-0.662205753129098,6.70114161216325,2.31360823130665,-2.6381195904847
21.8281596952442,-0.329714958361455,7.3556437136668,3.05307399702143,0.491139751269404
21.6437409860023,-0.846164468870306,6.00404352327637,3.28451609102351,1.7709559060205
22.0416774136152,-0.27527446685607,3.89643068034965,5.26935512855293,2.86093187345595
21.5311278267922,0.380809231962904,1.87518271525118,6.03940149602734,3.0010367136566
20.871847457374,1.20250307946257,0.826484166197713,4.90609766559843,2.84540530576711
21.3058394892458,0.916554420943079,1.11530763318952,3.47048500395395,2.90780690298233
20.2017259416216,0.241793471930381,1.64065969399245,4.30056728283675,4.22202830890864
17.9803518401226,-0.206654077464394,0.74556770467348,4.61215364265996,2.70030697875749
16.8310581655681,-0.208771868524474,2.12197687300425,4.16181016585902,1.74368705696762
16.9612344670051,2.21242056195603,1.41195894042264,4.95687913931049,1.59449530816082
17.1542107725541,2.00313605853143,3.12638409311833,6.7229309334767,1.30591435691964
16.6389404416564,1.31261689212962,1.25002295858152,5.12770551553859,-0.104634646269963
17.0282625772882,1.36239896969277,1.83148188817783,4.61469794811898,-1.67991560447265
17.4463114896218,2.7026758320446,1.58445186957422,4.27640551753482,-1.7167639838701
19.0653911747908,2.77405702061352,0.678731362936753,6.32605406127421,-1.00808938067066
18.9761966978662,2.71034503064289,0.817919393876683,4.53402740700045,0.400598117902928
17.4701987994502,2.09887340364223,0.59960037957588,6.20639591647375,2.37810515244311
18.7261842788865,2.09281821519961,-0.577417910302976,6.91961523702725,2.68802408905973
17.9093793180315,2.44889462005185,-0.400604492423028,6.60837622437351,2.56488747401295
18.5673287278586,1.50897049721779,-1.35439577064317,7.26586507127757,2.64851439372941
20.0875910009688,0.328578371034469,-2.41283308958514,6.80408331357295,2.95069593476961
17.3124021622486,-0.258601661611219,-4.0124958288231,6.78533452943679,2.81422045705977
17.4436732146511,-0.704619915516733,-3.78339593106599,6.51152165605217,3.3895423538726
18.0268406465082,-1.89960156759277,-4.16226228862959,7.60690810388488,3.04121518843866
17.2277393326748,-1.11402617662403,-4.76599424765076,8.17069976368177,3.60084616074165
17.5578248325768,-0.118169357996209,-4.38059641170409,9.05478872476131,3.74175130282894
16.3291629343966,0.971260879510713,-2.72818422535681,9.62171213379805,3.72188609948155
15.4050653351194,0.423080653694431,-1.73010300226458,9.72600251010297,4.27468506768134
13.4790068027644,-0.282329726224075,-2.16494511709779,8.20344601763927,3.76901687227112
13.7966486446384,-0.304972288558076,-2.87171987649929,6.9095083631969,2.22440272089712
12.4785221398493,-0.595371228058381,-2.72087134853688,5.56790627491304,1.14251132939905
13.2380957882476,0.298197621015211,-3.11943430613213,5.94154525030532,1.15478616723734
13.6093862054371,0.485535059930222,-1.9570000096838,5.04087898233505,1.65535004142066
13.77111041018,-0.665695215170077,-1.19325312345108,5.81619864508772,3.27864832087595
14.3789904221803,-1.59533436349784,-1.27753365688031,5.36352416521304,4.19281908868654
12.9101426847417,-2.14393794422785,-0.86150859594007,5.12784501726487,3.46769438846125
13.9449495451894,-0.561093508484261,-0.666040362126015,5.2610752728152,3.22868395208921
13.7833490763762,-1.95726592729985,0.127002654698756,5.84841745274847,3.15753073121888
14.3169541185521,-3.10734766129646,0.0028624367708035,6.72245176540931,2.90354414538865
16.0109933701585,-3.1587116115456,2.60450034323321,7.28380727040202,3.39390179941922
18.1449340298386,-0.786723829508041,3.97591763435233,7.06191363096651,2.81707210323056
16.5652222700404,-1.13570289304552,6.27409648364808,6.59047257221552,2.07264727378501
16.1323393719618,-1.95648154801695,5.42970558793551,5.73094998484339,2.90365798208446
16.0572605958108,-0.403561104788352,4.65181288544267,4.51319507134223,3.98304674013945
14.7281609701962,1.3755083035442,5.55378147213716,3.05203090081549,5.22148397008096
15.4983746557182,1.57895651180062,5.21048141667332,3.9195458708456,5.39308185061081
14.4465986641592,0.517777181074877,4.57127731698627,3.33218403804761,7.0980274753416
16.0775223260833,-1.31598992591147,4.70987682842558,3.57604426294234,8.93716878528528
14.5607920322233,-1.19504124415712,4.07501987024273,3.65735195131549,6.76273660566279
15.5281701618929,-2.11514286566376,1.20750916660386,2.59613554193177,5.50091099603482
16.5114628138448,-2.05083891377377,1.37419233480644,1.86111416487474,6.97941476838621
16.4091304321239,-2.28350028305105,0.599609175429921,0.829654288412517,6.60435359065733
15.7694416542868,-1.65767608647289,-0.750894687439758,-0.121539874841583,7.74436580238886
13.8591570542133,-1.3382685226383,-0.201347490711421,-2.40150014065718,7.38702491365042
14.1692282490632,-1.881030150964,-1.00802205536308,-2.36972321910461,7.33853398064853
12.793844389277,-2.0239885668434,-1.42301507956054,-2.08094169624864,7.54450940340794
11.8256327274089,-0.669582861035174,-0.135519708438958,-1.68525371018494,6.95776617664144
11.311343975287,0.633463489614171,-0.458019188888118,-1.69067301308825,6.46555007586726
10.922225056391,0.0544969200646808,0.385148968507063,-1.75473695059538,5.98472958312528
9.2963829418656,-0.127965376227088,-0.269834448425772,-2.05834396554331,4.93751442228931
11.4382903486549,0.987335899381961,-0.40349416883746,-2.01964763173148,4.00409961206367
11.7789556055732,0.0158002181317312,-0.680576864182313,-0.242148375478804,4.04166189443839
12.2255806671977,-0.320100615734121,-0.212861070812628,-0.01222997409085,3.78837574180816
11.1699544418626,-0.829137614899574,-1.01547872548772,-1.51970428790554,3.24881766453973
11.4320229572672,-0.327271400480138,-2.06883521925931,-1.09615064762245,3.93783902188977
11.9778602460062,1.82326467206253,-2.26341230476014,-1.58060527840955,3.75140950823178
11.8226671768569,1.42188350719336,-5.22155657226491,-2.36051122975239,3.73232482510811
12.1899684390293,1.9272338273245,-4.66699112288834,-1.59108996618615,1.90316400018903
12.7087795170982,0.851817028722641,-4.58797296913737,-0.904380082430422,2.61728224389606
14.0919988257168,-0.0568919902094768,-4.81907074175542,-0.638506882148337,2.47306146837168
13.1108420550866,-0.183666215284062,-5.21263147853817,0.383633854818236,3.50241761627522
11.1364527765108,1.45458454233549,-5.60958756861376,2.29093631342229,3.82818710257418
12.071722330742,1.27466122171574,-4.94226003117216,2.91897399254087,4.22019942952261
12.5268570243547,0.314443975951802,-3.50485226513475,2.32675372798236,5.3168412667992
12.268788088716,1.99395506597333,-1.78406005995844,2.82210037132484,4.70905558439884
12.563333776718,3.68478477611778,0.333579468011977,3.58797288832838,5.1952374070782
11.342822934645,3.39791891839382,0.827983865570652,4.7070336375783,4.85192833543276
11.6911442293282,1.69636535828645,1.40609008365818,3.82521068457086,5.60859347876273
12.0313320073952,0.860471399290321,1.52098101051584,3.99520885086885,7.03878486432569
12.1206967266423,0.540832663716143,1.86930104697508,5.61577764518144,7.13262242741372
12.2562817711509,0.0288679611130325,2.27713538589247,6.65275373373118,7.07363319936499
11.8466441324419,2.02284379881126,1.96878186689068,6.02991472081337,7.22010918277926
11.8392637472362,3.17208444733334,0.573682493838211,6.58836582923104,8.26751533214016
11.3829155941411,2.50847834471393,-0.36143274500128,5.53816678031214,4.81426671175832
11.4265253675196,2.09047214908161,-0.769700792474226,5.55484146502112,2.73639851036574
11.510526724047,2.74212014188637,-2.52955988967615,5.02882337933563,3.44365562734482
9.90510064673791,1.53725251622308,-1.74469033950612,6.83479103666628,4.70711759060254
10.3197142375474,1.29451834734552,-1.27617728540028,7.15367815627185,4.36522320657855
8.8958725180187,0.86974898970688,-1.17567653373383,6.43177636844627,4.11523614273108
9.54874274481233,0.253260240648761,0.292744852723858,5.78760504213522,3.60654327397337
8.59588467218159,-0.764350305093679,0.512182370965834,4.91340129668566,4.01489914794471
7.88953615709316,0.236253604590489,0.736030049863402,5.77058903644919,4.74454668576088
6.62309840699925,1.02786150403943,-0.0215065265735406,5.99646226842981,4.50952565049539
7.28234922605458,0.622361228170138,2.13411817505786,5.36246919972525,3.38164635552486
6.15183840886872,-0.329677757735411,2.86550890574031,4.49399921292386,4.09208145157103
6.09310805868744,-0.492467713407901,2.59813108784827,3.90393792883596,4.4412722089106
6.67270601794438,-1.65206797564924,3.54462396760111,2.14106402757466,6.23391468560745
8.10163896208611,-1.67817550821813,3.47097081254735,1.64749425179248,7.10636640056098
8.98506627960668,-0.827889106429187,0.815463355286887,1.42461275602837,8.46790777892263
8.58011083093126,-0.90143929737016,0.00133398153616451,0.318022813306104,8.52214676496402
8.43817278390577,-1.87653596689637,0.730936947829683,-1.04345238863078,6.97806018169264
6.83868557216725,-2.27024731491185,0.640154323983941,-2.70552072675541,6.1838387147495
6.07857390580542,-2.08860229833183,0.42823443463315,-2.32305768357647,6.55222001837776
7.27851673898449,-3.0777742376905,-0.561070127073974,-2.68230292254586,5.12773625107565
6.32655091006203,-3.0714638371821,-0.240278139724048,-2.75349506516442,4.11714625857095
5.53026893323462,-2.96246984687004,0.730328467421727,-3.47944482255169,4.04169306218244
5.90524668774827,-3.7068763194183,-0.82112151374324,-3.92740651929843,5.97286179260517
7.2810991514463,-3.7842921969137,-1.35652613203927,-1.88053549055666,7.04378945747718
4.69196368197324,-3.70804111776958,1.11910233884043,-1.60124248714084,7.26988287662715
4.11078037974613,-2.45361836263415,2.90957094821459,-2.90390483179784,6.574801658858
6.21672205192067,-1.94652114408288,1.66990989752538,-3.29654751233888,6.40042469175823
6.96948628946712,-1.88208154176754,2.13082016451343,-3.89079862669084,6.09315827372255
6.30455776387694,-2.31600206315973,1.65305947933479,-6.56510713324378,7.20286826433432
6.10527105898659,-1.77366673941208,2.24366436539504,-6.70826882171441,8.3896552428764
6.93074075850003,-1.62789999913803,1.96915266975686,-5.41562802344232,9.22726563108731
7.79660423560981,0.125514676251899,3.4596690354834,-3.3306339118875,7.39998937468534
6.34121772855854,0.111256955446373,4.66779606704113,-4.8029542920861,8.88136136919778
7.77880406257536,-0.335436041185982,4.38518326016681,-5.07061815837247,7.80554682437675
4.6888584069267,1.92582968271824,5.58791798401601,-5.12154976865173,6.77297712867803
6.48176985583372,3.79097433329179,4.71751103606108,-5.08914788605446,7.27659094606803
6.38584516663001,2.10565862750241,3.92881924920366,-4.40564699211622,7.20338312501546
6.49880386692987,1.45111622907115,2.83725723244102,-3.39719333168275,6.76211834521066
7.96183504281292,1.98410242212824,3.18113367154728,-1.96121363134763,6.78954101399722
8.20365361871602,2.31206997999801,3.13402073817356,-0.902144412450964,7.15026915846917
9.42077022300812,2.00059366128956,3.5532529187998,-3.44525181639274,6.5724162560933
10.0543027549337,3.0435577887666,3.52466204290196,-4.11959460653476,6.70878637692285
10.8315414432458,0.0780970930292604,3.71507781602744,-3.54214956633056,5.88914959046153
9.98622032980093,0.211558523172735,4.2784392318901,-2.4904663095467,5.79431089028144
11.5163748646096,2.42602810480763,6.7868967335247,-0.598269801504258,6.05417909383187
10.7570784948901,1.26073068669603,7.84007354869363,0.41246579523206,5.36701069251462
9.05271213462342,1.42330042462929,8.17597054993566,1.07137649356494,4.39588892046542
9.32793389058462,2.59659885454314,9.1836481111468,0.23259741213685,5.36255738962414
10.2823162323997,3.49965710331897,9.03123013163303,-1.0236246385248,3.41286070115838
8.52448379396442,1.92425028338286,9.73421080813801,-1.58171665205709,3.0671088824694
7.96981258757999,0.582111574302283,10.4215161436431,-1.49941510614109,3.51141270718653
8.85681140185575,-0.589099932586773,10.2378650793339,-0.719138767263812,2.78186849488142
9.12743509230265,0.602987185034787,8.1166278950501,-0.0442012947554642,4.07604665583152
9.57498957087843,-1.3385380250049,8.5688217757575,1.66263027574306,3.81444721975378
9.49464354295502,-1.5872207188721,8.02641421234003,2.38043038524718,3.79847391091142
8.97694503511993,-1.7304602748944,7.33182567831725,2.06869376120825,5.7446613038334
9.44640140642926,-1.92596315944687,6.2979804376185,1.96267358644991,4.06381824571829
9.87077585655215,-0.777923649870126,4.29858803184347,1.26001271021549,4.58719001135436
10.0795506240389,-0.279938041299874,3.59992750357516,1.15252940388551,4.28756805981522
11.2118502543472,0.983108266317853,1.2493760582838,1.70115801959613,4.66396616062267
10.6590313585908,0.86547694051035,1.23156197471029,2.11480543446945,4.53337591422527
10.9294528333244,0.0199664769873032,1.72442010523233,3.88907348747968,4.81876031585972
10.0071146010236,-1.53409180986273,2.93923720004007,2.47272786971376,3.60219417946805
8.3231394800276,-1.37542952096775,2.53503296309492,2.11497182478384,3.99717745978616
8.41791165321874,-1.08445128139595,1.57139451853649,1.82610271660952,5.13352397370337
6.96858921344371,-0.272606759768102,-0.566061809901568,1.88153551759191,7.44807201588687
7.77743290622517,-0.3775126978033,-0.115025570078329,1.12059754155064,6.1577956320843
8.76988014952787,0.575405162593379,0.364578177163623,0.502087275875976,5.74985174941488
9.83868050586779,0.769753350527987,-1.49188489067358,-0.155561357440239,4.53632476062867
8.95983743756446,-0.802059938802785,-1.12909985176508,-0.604833183298019,5.609362509192
10.0111745605286,-0.431268701955842,-0.912598045421486,-0.267141046541095,5.5283030193826
9.95855255289567,-1.77825129398218,0.661121223090092,-0.499709030385824,6.92723676504212
10.87020885035,-0.67446837687792,-0.602543654587478,-1.91736517855575,8.34600283798306
10.4038857688612,0.798651474044846,0.350935966464709,-3.0627057909814,7.38012818855155
9.11619908910415,-0.527462751406048,1.5485748870899,-1.83203161409531,7.7723574880723
8.53901628000174,-2.29162041680319,0.83194861615119,-2.3012194978016,8.43414590844361
7.94419669431268,-2.97878829149053,-0.0801518491680003,-2.00155341739294,8.40351437927622
6.67743685478099,-3.13063377068767,0.190545569319086,-2.74842699984565,8.35788112561994
6.10160546937643,-1.41295371158365,0.694561898635667,-2.43572010909063,8.3309640528582
6.63735818013876,0.357717288888108,0.567706090458549,-1.72341364844275,10.5256668329984
7.59532161851623,-1.1479628404127,-0.958946374786429,-3.81814093203591,9.19778642014991
7.67928132012809,0.311885286372449,-2.74680524102544,-6.34696452184141,9.1074757118209
6.8036667563837,-1.21754005559993,-2.75962949086548,-5.70398918194536,8.75904901758653
7.14389110525507,-1.21157938639177,-3.76939485061204,-6.89012014054265,9.60303773620673
7.6931182726606,0.0648808004229504,-1.82413749867228,-8.06769426883244,10.0099854254433
7.54246672423749,-0.650232934632374,-0.0165551694807025,-7.35604234000322,10.1405497633291
6.51240075568448,0.79056674974454,-0.232607566806893,-6.10199414971099,10.2740634887145
9.32698818255872,1.01635542100255,-1.21235214105489,-4.651849574262,11.7112292486096
9.04781165704387,0.917882956477469,-0.766475894420365,-3.110351835765,11.513814428746
9.54504886669245,0.498078512172058,-0.640682062982693,-3.16060902434785,11.7007992079625
11.6796166592306,1.99012570612692,-1.15189870482436,-3.74436124143882,13.2348554601312
10.9293124237125,1.82567131579321,-2.17969463617016,-1.90451496253698,12.3827010645808
11.4566296652697,0.895468505543165,-2.61169243678834,-1.28876039404111,12.1129368966915
10.6918269628461,-0.263062289620188,-1.67594097691928,-1.22826151262959,12.622351761749
10.5930673772797,-0.129018523321274,-2.12209415613672,-0.515449921084735,11.7953457325895
11.0109926943412,0.0310059052401508,-2.08974675646326,0.265476721253854,12.7469545332302
12.0471525209204,0.947186268432956,-2.26171090767991,0.296591798241168,12.6550387100815
12.1743269141662,2.15543073007238,-1.90118527131841,0.0581226884714164,10.4878858711559
12.8452810640181,1.2012727685815,0.829234181575261,0.272162711141024,11.3285256803187
13.6126197029361,0.51418491672142,3.09209347218628,-1.15327136529018,11.6246980096345
14.3714134763899,-0.255129531915008,3.41354200071517,-2.25665911408746,12.6151023786216
13.8652158265597,-0.622788643365136,3.42368594033653,-2.57912506963068,13.4377425367963
13.8579763235333,-2.3205931478657,4.81026508764146,-0.919432464457795,13.3692452241807
15.832084934052,-2.95253840506793,5.25332117587412,-0.591806432200217,13.4826981702826
15.417051791088,-1.92366765240421,5.30410170318382,0.447221242113789,14.9739127652354
15.6987970101708,-2.89596840531348,4.94243532502613,1.18785494305772,13.3217070890478
16.5089776028911,-2.33745244835619,5.60131606029369,2.01689707584028,14.6424460405628
14.8502488576897,-0.143283586936323,6.49514738160215,2.89106819803765,15.0876693818806
15.1284759916825,-1.13302562550045,6.45595553511706,2.73855972816732,13.7742114154085
14.3970179637004,-1.71337808017137,5.12777451323298,3.43221327851713,14.7422030763186
14.7527217647205,-2.75432782369652,4.57972072753026,4.09610042274791,12.7035325854819
14.2352285410672,-2.67013021366168,5.01384360204773,4.98435078307211,12.0960407711938
16.027255196038,-1.18262349292972,5.1112924449361,6.68238971446334,13.2106409667115
16.5433058077016,-0.376355697202691,3.81556100050694,6.03528748920574,13.1849004595433
16.1032500148856,0.356023257999637,3.63323992643089,7.76315165687176,15.3462240433571
16.123226941458,1.50199596527165,3.81962269168115,7.29899542704442,14.6711686150441
14.9786706374217,1.81887750409509,3.16473235725921,6.71420775522771,14.2968432782578
14.6500004014328,3.21737171058055,3.40040903507715,6.22651459724112,14.4003087727457
14.3427075874962,2.66207568451919,4.50982661886833,5.25716794727586,15.0076303923308
15.4287373805487,3.33215865001804,2.81244669204532,4.99951107985313,13.96723068327
14.8998842871204,3.50338665329292,2.78842058672243,4.17811788182645,13.2064821378229
12.3640500995776,3.71996949215971,3.05652565156449,4.1454636656912,12.8261390037642
11.5268041812324,4.35486443247367,2.24636933308264,3.48238096420492,12.0190950647201
11.865464903207,3.30130878174524,2.24363362987615,3.70990300085815,13.2368005910933
11.0593229529567,2.95851070523196,1.08435032217277,4.17009735446285,11.9823908161425
11.7630398450045,0.735330402351867,1.42085708666272,5.55923330887098,11.325975475587
11.4587314180611,0.489838507443765,2.12397507275876,6.1029604193885,11.53779593499
10.9971718936998,-0.874701642467738,3.36111187592615,6.19958101190849,12.0697367585835
11.3437596113939,-0.183952944636807,4.1912991398318,5.05745496437944,11.6959862568216
9.72463064001295,-1.1365025166514,4.66595955661588,5.37204128514623,10.8839971842286
9.43122388105138,-1.01421893668574,6.24339053147501,6.00080376149142,9.74158142040938
8.97435748168575,-2.05751594425459,8.06048987482929,7.16838022190289,9.27849108031507
9.24955005635995,-3.10641936309219,8.07018531682017,7.11937469846271,8.70253252829869
9.77082885603396,-3.51822280365467,6.09834241706446,7.86462295308758,9.14177570023283
8.94756060334287,-0.0942155420683286,3.96568313482197,8.44724221507846,8.53417564388174
8.0802370053134,-0.227415131172779,2.46844842819432,8.16915235620445,8.2012030092722
8.44165865670359,-0.899222466996065,2.83182650114247,11.1134783974279,9.09662420736731
7.28716128221742,-0.199150374731139,2.74359847251449,12.3924769883981,9.46250182911027
7.87117433100186,-0.271131753298097,1.89585315642612,12.1081865495629,7.00450695541746
9.23589874479571,0.348795049531055,1.9810618078267,11.4575120944252,6.04755017813607
10.6123625809652,0.200417403928068,2.41676863024966,11.3363358047521,5.44278174588822
11.1832065460267,-0.400008788642983,3.79074945543687,11.9037179540825,5.38686053475663
9.62098076224699,1.36883556893128,3.30608032373012,10.7025198354212,4.56184290680045
9.5808612484458,3.06549613831266,3.68812732858142,11.8825522212307,2.9787899984708
8.23754102983988,2.68245547902708,7.11845595959268,10.3380130261968,3.70131696576729
7.58064802607826,2.84552009689496,6.76212701680006,8.80450745393085,4.19797513154928
7.75667672702057,1.7437443037085,6.90667039672703,7.22325656050019,4.47636974166403
7.82581078277113,0.915879523924232,6.09875151177972,9.56233496540698,3.3812711337818
7.36176283229109,0.335177601746816,6.65893341419419,10.0575729321349,4.85439136959234
8.22359593011346,-0.703901825227634,5.51901734458304,12.1556540023852,4.45152443242135
9.63636654628016,2.23003159842027,4.66610908874781,13.4795172568009,6.37037857967589
10.0905069676818,2.67845613651543,2.71164184446841,11.9354029587698,5.9907482934526
9.26833739063781,3.07469494017899,3.48619130290311,10.8240330418588,3.57953261877241
8.3664529955753,2.15889358587909,4.1613528084105,10.819972397374,2.32462216190514
8.31217263142916,2.42559306639907,5.31442617808835,10.8573416923236,2.06780412253391
9.09042077830374,1.08480433085731,5.76138002088176,11.050535745923,3.08701380743408
7.84951376374366,0.992105596967065,7.3208961835798,9.30117554633556,2.44727672856866
7.31874453242167,0.838940657876145,8.47539234068338,8.08699236519741,3.2562773575007
7.21209115265028,0.899943606530991,8.93098819051546,7.84347272167874,2.68771834754133
5.93181198497307,1.47041334878906,8.83175504012713,7.53885114968248,3.35687602024482
6.3478106599098,0.177732882870481,9.17818695874428,7.49261341947816,3.42783535029456
6.50001165539139,0.836591193109581,8.05316715981603,6.8988653416734,3.62662898779821
5.90937784677307,0.452352821461844,6.44255037481216,7.98573520220339,2.08622290680842
6.21966618513397,1.0864087766997,6.38288013128876,7.97744154374676,0.923267540776224
7.03848999363409,-0.472029353819868,4.74010209904874,7.77340069812912,2.839845409194
5.93742429962883,0.74163421864817,5.03463410904892,6.52037426122193,3.61922559072797
5.14028909993664,0.650914332833821,4.86735833127685,5.2300003367332,3.47173160018931
3.73406754146666,0.562001434538352,3.21985326300122,5.37421063946402,5.65763899710751
3.65272837659122,-0.185935515583615,3.25961024695113,5.76392907721594,4.34356484306958
2.59944946158088,-0.460570021964101,2.3268696400378,6.15877820552718,4.42430040102226
1.92082792824787,1.19547922466327,1.30483436524606,6.42629829819027,5.82531735323252
1.25197932734774,1.45694662096067,2.90072608499495,6.84424092939082,5.63319445642821
-1.14210738826694,0.980456155498119,3.95528895620672,7.75086402710644,4.9042898097701
-1.79895310006384,1.80172381531701,3.54922703518426,6.31655676560594,4.13713312601871
-0.63997547714272,0.33714435204917,3.54080448183677,7.23953356089254,5.32194238052569
-1.71187956249682,-0.349078302852696,2.97795501086576,8.41299501677953,7.32018869205886
-1.25241737332737,-0.00842971370480899,3.147243850842,9.61364039270394,7.04713275369398
-0.384984949858937,1.55917100083058,2.53178753018571,9.55109015587127,7.04804635097644
-3.63072344347848,2.17069157157274,2.95657971621681,8.05579892012533,5.07731709741306
-1.29111225668137,0.410353868332126,3.26924016123413,6.31286304444704,3.44616971453798
-1.36605043804036,1.3571611816296,3.16289696307147,7.20549337018221,2.90434792593661
-2.07451089403478,1.8406283184982,4.04643391426823,6.90314107054829,2.17737495200911
-4.5359149656804,1.82235189224692,2.4415741529142,6.61142130867361,2.42797441069919
-3.27540063164133,0.741175527732623,2.24321766026549,6.09174846717812,1.92602166945062
-3.62508476845414,1.53360539743659,0.913781645708205,4.6404471903077,0.692830231085693
-1.90626858495838,1.40177605976089,-0.278066549342757,4.11731564755543,1.70506877070221
-0.894164371488327,0.852841174246252,0.709579323722508,4.49750327738415,2.24019699425063
-0.104375010634497,1.6767188516177,2.80766084792082,4.01627880240256,2.37381440865758
-0.973639422382463,2.10521509683515,2.63563295966575,4.95923322564134,2.32426712072113
-1.31920163905703,1.32107792093892,3.89332498097143,5.35764734199556,3.11268718809601
-1.37602905796012,2.24811528087849,4.09349988955112,5.5991552554263,2.13889301007579
-2.17762219161382,2.58007402513579,2.74950975942686,4.65632542836682,2.52153842788669
-1.1736505880744,1.93562911936818,2.17361380136238,4.02616943747284,3.6039454496506
-1.32879720982901,0.917488397417887,3.41168231955073,2.62182551695094,3.73451175826643
-2.03682703304135,0.905291443495505,4.25910319657237,2.93750655783648,3.7364874053093
-3.78438844323972,1.07214272372024,3.8174740696036,2.66744864223403,4.31245329471615
-4.32839352133417,1.71472276932831,3.34783787690001,3.86798890693771,6.5158051362191
-4.66427337018487,0.434684679710543,1.14726355689756,2.87335245163666,5.73431471221389
-2.72684562309463,0.589077147884986,0.599531005770062,2.71114318387468,5.10313083158079
-0.431997848957653,-0.228220934899261,-0.920971255961053,2.53029251633766,4.99954725369165
-0.0934619928947128,-1.73461534905401,-3.10649380524512,2.53231970372516,4.56226926505366
-1.09505327819368,0.464602568302324,-4.71478980622414,3.29105553607196,4.15674431530112
-1.00340153039209,-0.346555137506912,-3.73166452550116,4.38963475413536,4.07564504286842
-2.00031362117797,-1.06172836156457,-4.16348015118565,5.34255417868695,6.57714618429805
-1.405107240756,-2.2553119252635,-5.8153834096909,5.18820503478617,8.48272381045107
-3.32818378692285,-0.862941478535625,-6.38425568796091,6.00823028439552,8.45427912469715
-5.91443490881118,-0.411274831380642,-5.85345945323058,7.46803022649423,7.04752115735047
-5.31221891888943,-0.467142531257989,-4.54299774081112,7.629943476253,5.50591029626457
-5.1739282110851,-1.04709880002173,-3.44026668356666,7.56542668450223,5.05207995070132
-7.26629693016784,1.3353458585632,-3.74202700038027,6.72209292476026,4.09363264094877
-8.38563531738191,2.12398054222828,-4.53591436503087,6.79649807983786,4.35760160490653
-9.23452099240747,1.55832341163498,-3.99945031583596,6.96748907781851,4.64676403418512
-9.43887854568129,1.88068638222285,-3.3433812977843,7.6777569539594,3.64874726074294
-12.2002275424447,2.49498531138514,-2.81557743125936,8.10878657055005,2.70131801213151
-12.4864904908477,2.21004748226311,-3.01266913155412,6.77386150742107,3.16209559213063
-11.8218191971753,0.0163791122020573,-3.93340923880964,5.39180081157036,3.66818445813767
-11.1923670871624,-1.06340639636624,-4.65288051598539,4.25595318154786,3.88546012429802
-8.52671681688803,-0.617717753674975,-5.14212857479009,3.12178956359265,5.04844219095779
-7.98730329761387,0.527123787268038,-5.39394357418961,2.59658006517694,4.94768193376882
-7.74759575040925,-0.287904056015742,-5.40827132902556,2.31543849812559,5.90555199427661
-6.11195125882823,-1.40700788251536,-4.42555469691803,2.61540715730768,7.32709103086078
-8.13614152705244,-1.3491009824243,-3.59665696660395,2.62815232457562,7.64970009111569
-7.04588613746367,-0.22368761486754,-3.83464783637302,1.82457260007339,8.44998711392167
-7.56671105572723,-0.171808871567038,-5.33670843490418,3.38942586946119,7.51828076868415
-9.00409816153991,-0.60021786063067,-2.6767082983257,4.15168568694868,6.29157242564388
-8.46210908930333,0.197973252681185,-3.29319412514043,4.68513655861267,6.37319694597549
-8.72924115200828,2.05903732088244,-3.36493372644432,4.81044826089591,8.04668478293874
-8.76980428708877,1.17891518858107,-3.46394228802284,3.78753572070408,9.56706679989475
-6.53446994474292,-0.660677788983474,-4.66166601409483,4.23740568118352,8.64478076985208
-7.43829775322434,-1.53532554499856,-4.51744105630799,5.24618999569621,9.31311428676305
-9.69329677126673,-0.13064136905115,-5.16895843063432,4.54653005289584,9.78474794043276
-8.37871560604289,1.81846369628215,-5.92015422538957,5.38768999283803,9.80154986593968
-7.80752657514856,1.06521733623659,-5.39014415198553,6.50794708808367,10.7791241782261
-8.14996615859421,0.587107489211165,-4.4976849669912,5.52451467308279,10.8179551156862
-7.90121940131663,-0.201512789679715,-1.96237886989247,5.70004828774383,12.3645354030432
-8.83860734402954,-0.037172979482738,-3.93744098969919,5.40688143648887,10.4660430613609
-8.03962679105569,1.26248510859132,-4.26384551667603,5.11269544869001,9.25120331406109
-7.6967393296805,1.83852474596481,-5.17904262296624,5.37826144427206,7.61964216211412
-6.27968912508233,0.912758732649285,-3.88155976257066,2.15780922020371,8.07602196376221
-6.71667819404132,-1.40870717244699,-3.99952399476517,0.962705681623968,7.28745826450629
-4.62562451190162,-3.30512866319891,-3.01858037009622,1.83098514016798,8.45201016613766
-3.86871047884931,-2.3239436452395,-2.44043477609547,2.17355068767087,8.05576935576692
-4.77191743468952,0.380363549926554,-2.21593726985676,2.67386129397361,6.4719519677266
-4.07474675754099,0.614035980122262,-0.763900424973621,1.51202214596445,7.05630556917847
-2.56133216222988,0.0116288845957165,-0.99265587252193,0.0209297961360486,8.67889551652704
-3.71637333111053,-0.575467869989609,-1.6670054476566,-1.25762598107214,10.1504566227084
-3.81015046116704,-3.03014131185335,-1.93422753487384,-2.95953559426858,10.4355308199719
-3.03633010110508,-3.38251447434158,-0.430803635241739,-2.88446697342385,10.6449113873955
-2.0306157211349,-3.47518304561267,0.0873843882013888,-2.19815875211892,11.1468660399461
-0.618975911557893,-2.59517166222076,-0.614909615103881,-2.61694131412722,13.1800686627516
1.33444584338756,-0.590854730882135,-0.559380920020402,-2.94944302155259,12.5318587047073
2.28273680255423,0.604544461745225,-1.44295641046376,-3.03659832170483,11.1119999247925
1.01993304590781,-0.448369859889089,-3.11854206020674,-2.87214855586674,10.7092875656638
0.857426715995159,-0.0994333856562483,-3.71273908005267,-1.77699888029348,11.1194377024443
1.74735325369191,2.25576386477281,-4.90769868135318,-0.654899357931789,10.033531467518
3.03729444113554,2.18171350161201,-3.6188744257386,-1.92866435734463,11.3836233074377
4.59583769382944,0.0162596337764436,-3.59813331276102,-2.80508400178826,10.0220748854924
5.68628382007812,-0.509169820368979,-3.63759922002703,-4.09362003525517,10.5324441417019
7.45843148572381,-0.986175194995217,-4.70800626676799,-5.37747158761548,9.92996879618997
6.50343745823521,-0.366712131029277,-7.17114418229533,-5.6954351543937,9.60096178497736
5.82224222264604,1.26968497169837,-5.88945045736665,-7.75238920070749,10.28674481614
7.27815553862386,1.52361357408302,-5.88627519217382,-8.67130471026499,8.1426042722729
8.2986439347986,1.20579235304593,-3.96065099245939,-8.33335722472892,8.2807178233332
8.84367928095356,-0.560902868696447,-3.66552094551799,-7.32858342401642,6.27395448905643
9.4821839043577,0.454199493687779,-3.21819022085482,-6.72611792524631,5.17647318568711
8.92698138288255,-1.54318300248851,-3.25948748417888,-5.45084906182659,5.6947453611965
9.78161121877373,0.300767505240796,-2.63140012753892,-5.31527212672151,7.04572788819181
9.56962346655076,1.35013686120503,-1.66536140332802,-3.45471949902828,8.28971590764789
9.16348970903832,2.39339166112625,0.115620404971071,-2.66734306689916,7.90164924718233
9.4865153356048,1.24599537315137,0.691908539245319,-3.27526622087566,8.07017444288589
7.85843593149654,1.53727900698404,1.24663262029633,-4.19999144264675,8.68195306685385
7.10562604262685,2.58049704841981,1.25888666699516,-2.34047729222105,7.7505336944429
7.57111462545366,2.85814629361033,0.594870866728056,-3.60147773752933,7.81104607009749
7.18823187598994,2.14928815660258,0.883755156706528,-1.8657170361832,9.36770191737886
6.95727968943747,-0.613723825307842,-0.891977256579884,-0.792930075304573,8.47476463420761
8.28185607480059,-1.07409117987509,0.927596650469488,-1.99485902320864,10.6856637541183
8.06173756493557,-0.751201389510019,-0.431111822961727,-2.30584316584018,9.85278920592012
6.94318469174315,-0.608504403344306,0.383183077779305,-3.62070557072691,8.68039677765146
4.7512370568565,-1.01798103898158,0.714100787444143,-3.18054377993593,8.69715887428726
4.27351736051347,-0.619114471891507,0.395471222517898,-2.3258504808615,8.52516377602753
2.66945444177431,-0.0210624772500148,-1.00846348643571,-1.3601441242944,6.55207993413277
3.09448196971241,-0.70086178983254,-0.926227699432668,-1.03316644447064,6.21853291663521
1.70795009787552,-2.08508503250106,-1.04933783059313,0.0365543264773209,6.27257303684471
4.29626926041328,-1.61826818816492,-0.56182121423211,-1.15776707856376,6.15661872319307
4.64613227680653,-0.541451857708995,-2.40717414251883,-2.79519086167588,7.06576534845088
4.51878435477355,-1.07130117971322,-0.51931172350245,-1.28487180678904,8.31663738628846
4.81903211319506,0.363631405151444,-1.1518875225942,-2.08085451743739,7.86351001276339
3.72004122246878,-1.69141791550694,-0.592911824909308,-3.83203421170909,8.30927103526423
3.1358656771062,-1.67319440515868,-0.956163779202954,-4.24437974787394,8.44556154038259
2.85180080340987,-1.36863473441649,0.226167260949014,-3.98041516472529,10.2485105629191
3.44981198193181,-1.42049061982462,2.27024390109902,-3.69169531615688,9.47393539830777
5.82237623250364,-1.35288388094135,2.73109594375398,-3.1867206652096,9.42881081891132
5.81254715961914,-0.74956694961014,4.77905169147698,-3.15722134329757,8.45224874894429
6.19127528286382,-1.20922508513422,5.26153650725485,-4.12585524449009,8.25396728213896
7.19540658682781,-1.22501722111279,6.12503322504984,-3.68899736375817,7.28766032908461
10.2714199514349,-1.76900342992369,3.97988491268471,-3.73171084664344,6.34147591105509
8.66012062020481,0.426775042902,3.34430379580008,-4.23444900577803,6.34809123120992
10.6249281299256,1.23015056377771,4.81235073529375,-4.67626270646747,5.58347881118815
11.1717879862635,2.0345425121511,4.09031053318264,-5.61679797215004,5.74130086547928
12.3148647868495,3.93444639105959,3.25902735603259,-6.28814780662525,5.81694592403557
12.0098896072881,2.34504212019249,3.8129617503881,-6.5569054896212,4.87537797685836
11.4069081529941,1.70513723117717,4.12399459086663,-7.84036603783468,4.13565897561334
12.0673074195728,0.198382040346198,4.93741072317237,-7.59136284718291,3.87125159766537
9.39365505457734,1.08711587195669,4.84255883683949,-7.08074017118908,4.68538579411147
11.1499912437586,0.719368239080518,5.33407949503288,-6.3667915923106,1.89380254312827
9.05367275287048,1.83708314895541,3.93265400270757,-3.68639412416719,3.39672131683565
10.8244554494929,1.96321924201972,2.50026061905863,-3.26102619691532,2.47935879749334
10.7742582120447,2.12620781101927,2.34268371709484,-1.52673557703102,2.57687515509674
11.0005177138125,2.74451482353989,0.85413130713704,0.0288849026909628,3.2398222479421
11.0239976149096,0.877724556070645,0.463974597901777,1.24204993815093,3.03574574503185
12.2646762266116,0.16077219119557,-0.254949153448556,0.86539788245204,3.09933438085309
11.8460895910385,-0.688408211255902,-0.0751154377490871,1.48122834759769,3.58240060748047
12.001827014965,-0.196774711228897,0.377459665130931,2.41686954187989,2.50597586332329
11.9750239751256,0.712663817425941,1.00217141699907,3.57257641525808,2.88297858234425
12.3679009914064,1.07806312113709,1.84032244529808,5.29796629888449,1.25153763449514
13.1180194109553,1.07768610812494,2.51875340465321,5.54659656599798,1.20678535440537
13.5606396746055,2.02606927224767,2.2404612544907,6.57592111688767,-0.680864763646049
15.5069328898014,3.40899601460653,2.39129047772035,6.21010979367534,0.0708239144878173
16.6229276765369,1.82521169001022,1.58419063971111,6.26316839607541,0.244177177271166
16.2789472184376,1.30944831649621,1.94180303604287,6.26798894299007,0.901075949413185
15.2623387476255,-0.0177547708915589,2.5411792896217,7.33123081533353,1.80468843151563
16.4529525209685,-0.648715137444554,2.71411209045304,5.63222252838695,0.562406167792548
16.262662830563,-0.00404261244323001,3.57388284627862,5.41063095687373,0.150423342725119
16.6923986415481,0.280357241849139,2.91004358412098,4.67339997933083,0.0659872388527752
17.3137932088421,0.785523634532514,2.66400154880811,4.61600200038129,0.0394337372498624
15.4589760514561,-1.09402330167507,3.22755626537427,4.78544805672304,-0.516924929161445
14.0491551079256,0.108225174895548,2.45209682446665,6.24979184221078,-0.843613059661664
15.1682791965379,-0.19749211706894,2.52082340706296,7.81620786116329,0.625471316245625
14.6467074815536,-0.67181739285698,2.2373934541173,9.85624336733777,1.50008187492624
13.3206820967426,-2.37962162369209,3.05178162541566,9.04471677578193,0.836010238296446
12.6407761193291,-0.892916379129818,4.12369773311495,9.85384803327254,0.517345811366898
12.4440821254182,-0.104396209590162,4.21474085745688,9.87821873725974,0.896954308117298
11.5975909540445,-0.398751048701966,3.45205099278389,9.86948165673945,0.94287721393083
11.8026701707426,-2.28745551297977,2.13041351460488,9.73657689671075,2.39166650867456
12.2148333765268,-2.94858492595327,0.33154014923512,9.74174179666209,2.10606204601942
11.3364550472413,-2.88221472142949,-0.539115963558622,9.49111624852758,1.60332025678121
11.3538341835938,-0.696833072793261,-0.390835405345524,8.60563611476942,1.25276250655788
11.8642573267027,-0.608958068115464,-0.4682602480837,7.83637665354015,1.2820658627
11.5821913599823,-1.12898946108241,-1.09019019390877,6.5307810818228,1.97411131893438
11.3754649048825,0.786352969257199,1.21905851033651,6.31145904219798,2.9789209595416
11.3902094570827,-1.93963489658909,2.2937510079261,5.63273746491837,1.33572125880831
10.8770168909327,-1.44767331401263,3.39896306566278,5.50742618382904,1.6518371277567
10.1466215329077,-0.832925764025258,2.89320897172582,5.98843731163014,-0.270453305209316
9.77985100139954,0.613368418288554,3.30341270581561,7.29400844550308,-1.00090529782562
8.61676726444574,1.44518202594038,2.7844945341123,8.90290419419496,-1.74627408154105
9.29263259038448,1.34869831937337,4.18325658530262,9.48487917903268,-0.606893542460531
11.4461096221628,-1.03693348331478,3.35887455244412,9.65949881627178,0.724862161557157
13.7822925798402,-0.368138064369,4.23884340919481,8.02102381469495,1.39672266922861
12.276712794497,0.0982055654249083,3.29410483206857,8.61973794715166,1.27528274845774
12.0105637087348,-0.913562420304645,2.72845203515171,8.20843093085625,-0.453631529974774
12.1383615067202,-1.60307994054552,2.26467589569294,7.913476939677,-0.639392563427259
12.1945825919751,-0.0446125884824689,2.12973608073491,8.01325389062252,-1.44684842002392
12.92025608505,0.828896787783869,1.75243285079949,7.58087915106577,-2.28272030706195
12.2769922645426,-0.279484693647779,2.50865976429778,8.31931313949796,-3.05804864747895
12.630380089433,-1.21790769163314,1.86243790201281,7.50776962715729,-3.17578516691359
11.6388071376227,-1.92693369924986,2.1425377192052,5.86011770870198,-1.7436901988755
10.6521075659631,-2.01774199316063,3.57816343305657,5.72229919719814,-1.83428285874567
10.3897001728313,-3.81472346529004,2.46649746649535,6.93971269073827,-2.79346175451863
13.1154908205461,-2.83581819815312,1.51621089582151,6.64534886860636,-3.28865469837689
13.1854508597305,-3.13016727860719,1.22258504141643,7.71702205550197,-3.10967398419005
12.6672887855215,-0.542050303721975,0.720691530542884,8.52792010306078,-1.54218854245693
12.8004078708018,-0.754393948805615,-2.01387584737892,8.9562873444064,-2.01703685235034
12.0820588767957,-1.08329681414881,-1.12517470029721,10.3929420848405,-2.43387887334958
10.6794920496391,-0.612823369731532,-1.5331950086288,10.3748776562025,-3.69011639683962
10.0503738421216,-0.128322495853589,-2.36551350982044,12.0957905646587,-3.9864634665914
11.6765172712642,-0.107719791354359,-2.15863172690954,13.4079960848747,-3.89806771133887
9.06420116844263,-0.459468907762116,-3.54311305813652,13.1716764670171,-2.79900424380895
9.4917120943277,-0.67992536278827,-1.08115438232774,13.2384391134328,-3.54930912784253
9.46502454860537,-0.0104591949086149,1.85067500757979,14.5600736466568,-4.75292922722606
8.05893226228791,1.98457440887717,1.71307464976033,14.7048340297305,-4.77441138592344
8.82207427450064,2.12214488976335,2.47333879566669,16.5770004857649,-4.93328128782261
10.7836672479875,1.91884312275817,1.97488413589658,16.1889495285702,-5.07505337005413
10.241923947988,2.9355038599723,0.296471598422194,13.8669397104974,-6.18016942455612
7.63627033717215,1.81044993811308,0.510053758969833,15.0194993494294,-6.51719249828054
8.99756245341172,0.75547244352693,1.5662398864743,14.2975922115017,-7.3394333687323
8.25341592294363,1.31503797491827,1.17887956176974,13.0725348227193,-6.66674050391915
7.92012616049737,1.39324179105904,0.609408424836207,12.1298797041414,-8.89780264778723
7.5114948693778,0.559457777135394,1.09844379065185,12.4403864409911,-8.89431324838968
8.30098801638743,-0.224383717876694,1.10354832536989,13.1437400408706,-10.9779609539423
9.61563426831531,0.247977430727239,2.95158157667322,12.3601723713099,-11.7525831508756
10.2053093565719,-0.471664287526641,3.6792267421762,11.031846572192,-12.7041833079172
9.61616657417646,-0.450177502922601,2.30273154675657,9.66008104376035,-13.0556252411746
10.4357105662689,-0.455878604589827,-0.810022134563098,8.37964026997591,-13.0353486617749
11.9515338742551,1.40582076113129,-1.16973335402526,6.56916563175149,-12.2034086641536
11.452476460448,2.15903643287495,-1.07261165831763,7.28791492388017,-12.4529833882998
10.0448042920772,3.55298264780587,0.601476020046951,7.38250483180084,-12.8513834425351
10.7737557208501,4.36558832771628,2.74267804798871,7.97334000629366,-13.7132618937247
9.20725661948475,3.88270534837212,1.61271787498997,8.30583598682523,-13.0913004290357
8.29317041220321,4.61512580327374,-0.00709281311678844,9.13762258988061,-13.0985699939861
7.99036336304767,4.30501944160575,0.0284981485135253,9.55299297588819,-12.8026376674572
7.52665870176047,3.03760887058428,-1.96817691621346,9.76197500462974,-12.9254942075954
6.73828225291122,3.23231549617957,-1.72256901051292,9.56207707870402,-12.1721694048175
6.71681713335159,2.06646519757672,-0.997760581661485,8.77755260476572,-11.3676316902592
6.14134460154872,4.27188970168064,-1.56390173049986,8.2051016328819,-10.1152963014991
7.84630465009215,3.9094598108001,-2.58786927231507,7.37267124856033,-10.9833968013429
8.04421140172042,1.73831860658371,-1.63885600205175,6.54488573892687,-11.2291631626503
9.54864027366291,1.40027127813859,-1.75655996384997,7.46317363958387,-11.9554067870162
9.52539981786076,-0.0581626027660835,-0.493734122356131,8.0643049333202,-12.892565503774
10.4942889074196,0.0333826359235652,-0.207512959533283,6.51447696631705,-12.1431625528865
10.8774259791963,-1.39454278296429,1.28859247551784,7.09453421859303,-12.2600105249703
10.0493748007196,-1.96092484807744,1.86416692659772,5.57288152002607,-11.7574994257775
10.6688600707252,-1.40785899423546,1.77852509471491,5.29373643519858,-13.0085170701516
10.362991968674,-0.216401244996787,3.43455020082873,4.45443688521819,-15.006537672422
10.7940578030038,-0.572578944557048,3.54597879716525,3.76715949406911,-14.1019464946965
11.366069161413,-1.06768681463012,4.73383732268989,4.65055053453104,-12.7433328216617
12.3627757516157,-0.562900680979885,3.99959705142964,4.1590753568401,-15.2764251257636
12.7194900398429,-1.75827563018946,2.57196241129167,3.6669161577019,-14.7582088274928
11.981425062487,-0.431390146329317,1.40181141844243,2.19532808590428,-14.4189743003573
10.9376898896193,0.668571252004739,1.84078553095228,2.49526421344304,-14.5395156140236
9.29786147480419,1.70310538035338,1.88641095959946,3.72620831185035,-13.9702547723912
9.41087120140041,1.66227704723536,2.14426204769647,3.32075512412304,-13.9768510935887
9.72874808557384,2.41286657816751,2.3062035020632,3.70822237161169,-13.2649389437997
8.26699259868534,1.43583934039203,1.04506956262899,4.19665193173881,-14.9332177942517
6.93120991968155,3.39599085615869,1.3547239116926,5.37416125020906,-15.4231022404529
6.95926188985603,4.16231596817401,0.880373573265082,5.8052940525727,-14.8168012454061
6.05574468699277,4.00020972323306,0.458885743688579,5.40273209423471,-13.5824634208947
6.76824008327683,2.64884920544493,0.975074373536051,5.58672500666881,-13.9553858580492
8.22721098319082,1.01391675022409,1.26325497269402,7.1777577446038,-15.2790925685328
9.82571965276507,-0.481635909376089,2.83575579199679,6.97775162132172,-15.2977644784252
11.5964223459514,-1.8859938459537,2.74611798996489,6.7673970484173,-14.7872903707746
11.3384073648771,-3.18728207124711,2.50076625342917,7.42785868690019,-14.9039714317161
11.9911975850624,-3.24961919780864,1.43874831022521,6.50697274376968,-13.2433423153297
13.2921856409173,-2.00028561938775,1.88891690447084,5.30917140529425,-12.4676619228079
13.438403673986,-0.547732010483372,1.51953629143405,5.35744742916494,-12.8251808744516
13.5783844751047,0.64595789917671,2.00774460373428,8.2785454650595,-13.0007285069958
12.6013764025832,2.72720059016638,1.38595708143363,8.05968495759976,-13.2572928278464
13.0921353652891,3.60590335835277,0.191375156918653,7.72635692986965,-14.4619901835821
12.8060395026515,1.65698393728296,-1.22341411452001,7.69624173352438,-13.3274159381465
11.3931193612365,0.457974597528976,-2.95570474238778,7.81560793482269,-13.7790641149539
9.41367637990966,1.47195929171252,-2.74794978577078,7.64666141433645,-13.9880227943818
10.7188464256597,2.7928950111462,-3.21690998964967,8.17800855467573,-14.0040802165217
9.98059472871798,2.12292803151863,-3.31852690017346,8.9026756464152,-15.0605676726278
10.0669272925608,1.67720804790023,-3.54161262490686,7.95719016087152,-14.8792929972105
9.00110823406864,1.22919733626195,-2.19580578911367,7.40003951212275,-15.7696698653759
9.80511202440964,0.542893582132953,-2.11660514411962,7.65889008049104,-15.193137999937
9.44025909292774,2.68954035891543,-2.8701553055769,6.60038238601897,-14.702068193312
9.89670812012198,2.66556672506872,-2.74838409880075,5.60060940279087,-13.6497671753074
10.7006478629664,1.17949185084344,-0.888937246248467,5.07601412318205,-13.9171948875761
12.1159459499125,-0.109786430563816,-1.05450188874277,4.47010051126076,-12.8349934683691
13.2392036440753,0.0578561410599115,-1.71291270241118,4.16164278059866,-12.3041976351897
14.5392820573203,0.678624508577909,-3.11433135583561,4.5392849739019,-12.3265441320184
13.7942699115949,-0.541856616916971,-4.52176595003648,5.80917400931501,-11.7972575829474
14.6163188159787,0.569946438898865,-4.21802942471057,5.27296783937883,-11.1875557516596
13.7824619503768,0.755873219408669,-4.34865088840669,4.79820828638884,-11.482719878275
13.8654575185732,1.01612870776921,-2.95255833845534,1.26936118679077,-11.3680557432773
13.8744501422285,1.04914314080004,-3.61480650249747,1.32530905165084,-10.7076204001968
14.1298050069728,3.26981043665253,-3.42986334771048,2.57170368861207,-11.1129012698501
13.2003302512266,1.3786983037363,-5.14516528011917,4.16113271606039,-12.4036027216063
12.5358001263723,2.23394566227857,-6.98080158054963,2.84041368610763,-13.5508817471009
13.3450436835626,1.26925702668325,-6.89962582681776,3.56058028051189,-12.9241628586973
12.828534374371,1.36995991334266,-4.65022635793795,4.92682891313855,-13.0362245810347
13.4830722966372,0.305839494715926,-3.71404074071178,6.05663467446766,-13.4410269285405
11.088904132236,0.921694281492418,-2.41685088326964,5.92705002005136,-12.7988835160387
10.9431761912166,1.0760209823114,-0.840706101992954,6.79437959911675,-12.4625578324865
9.56237583768044,1.58129560533237,-1.58373781377512,6.07440051571972,-11.902153877221
7.55322760729544,0.792945853656978,-1.23412332484884,6.11165876554004,-11.2378407822558
6.04488688588834,2.84548580507586,-2.11437684280439,4.52481337451343,-13.233586806666
7.11630634995808,1.08439240810589,-2.68341152439983,4.13053609464505,-13.7562805983334
7.1700621785579,-0.0697242459082307,-4.07579937224194,4.24327461668311,-13.1542605117447
8.15022605607065,-0.065358572949546,-5.15400622231425,4.92647490763714,-12.4714553239179
7.82964289576373,1.0356025070879,-5.38908241715377,5.44266675450725,-13.5330806692581
8.1601337531024,1.20175969710263,-5.74199440751543,5.55322608341572,-15.41743522814
7.56466123918229,0.413245184449135,-4.00825634659545,6.90979982206459,-15.2540245386864
7.36591221552255,-0.451944247971182,-3.10462240199927,6.84894705818139,-14.1641524839061
8.60458582029623,-0.278198687439636,-4.41155091734483,6.8884752598304,-13.9321719471878
8.53179012658719,-0.450248530611632,-3.36116760781343,4.93521085495703,-13.5007396922412
8.10243582972184,-1.63663198229039,-0.538551973101168,5.98639476416817,-13.8491291248081
6.67446115743662,-1.37077668796851,1.98141687807293,5.10923781070048,-13.2934704916399
7.39668873840619,-0.495105469719897,2.78677712691784,4.71781265770052,-14.0382851384036
8.80985456801697,-1.87231173275104,3.62466166078386,4.51438965965557,-12.9391701985711
9.30991191168689,-2.76324341415894,1.68690314147767,5.77905236808991,-13.9111912869386
10.0406968202954,-1.63153656276472,-0.867072039136849,5.59814343430704,-13.269141597412
9.32513753896151,-1.15708805747004,-0.814744739134271,4.76886821037928,-13.7796777772226
9.44336849811885,-0.500871024299634,-1.85575623296384,6.06427778142532,-11.1528171283262
10.4756931889536,-0.403566686433453,-2.74358171296345,5.68803990188268,-9.02897718513979
11.2628336056653,-1.07355416894348,-2.25783355733615,6.17919927018385,-8.89486287262303
12.2586891387422,-1.77752963642063,-2.45596588698407,6.43208530432705,-7.56076391963597
11.3011494214127,-1.86441124136607,-0.726415354710964,7.42874835418981,-6.94355824677673
11.8492891539837,-1.78908277834255,0.4091810882001,8.38381884273291,-6.95254658837801
9.90545814502902,0.525472755259348,2.6719139823508,10.1403200692642,-5.4285090494514
9.662254857442,1.66287997671849,4.46593564893474,10.8542666251502,-4.67868982681645
9.49328410736449,0.685017962599914,4.96593348208335,11.1743160572654,-3.65493744019736
9.97727288964007,1.9052328609697,4.31193716863292,11.0517588701285,-2.76777885438192
11.4893108663296,1.27335645781079,3.40385550020352,10.738591070286,-4.20466972180405
11.8070670143485,1.08455317734996,2.40098797017641,11.0559819143995,-6.09897957568885
10.6418197879308,0.36371490002089,3.04413036809908,11.9394706661955,-7.15818636215329
10.0741236927022,2.43805177863577,2.93931705074065,13.7858492292777,-5.09632508720526
9.93825137914605,2.14377740833395,2.21462783362781,14.4453863771215,-4.13403469221703
9.74005674024165,-0.0239743898160745,2.69930004020859,15.7444074523938,-3.64380538913294
9.43839742148809,0.114574630894516,3.30030737584122,15.8911243443534,-3.38660239661734
9.92599535989305,-0.730244395280182,2.03122264445505,14.8795303297282,-3.50629670800311
8.70812292707567,-0.209364350202784,0.447148488374312,13.9482348592682,-5.19573055094684
8.37951679334165,-0.318124062029017,0.371711749340945,15.5646109948985,-5.51023928757907
7.98014761805389,-1.95975056666728,1.03760793105104,17.0081210292799,-5.92878633735152
8.70719892133057,-1.47432090692116,1.16530587646095,19.2164186335349,-7.08661698272968
8.68668656511952,-1.23295349365472,-0.0809419230848059,18.8415610066374,-6.945724350727
8.37633395802058,0.131132384963895,1.25403507582789,18.573150818736,-7.05772955058128
9.74640966406908,-1.05211999819148,1.89439476317571,17.7540424313326,-6.37231223295328
8.6839294164799,1.18749871285339,1.8903438800989,17.3860898817349,-5.99627684732269
10.181374349539,1.07867131420953,1.43957951619757,17.6394848051811,-6.16723870359589
9.68714646927626,1.63602288944594,0.759039082016066,17.8727995050903,-6.70955912171573
11.4623853629138,0.381889245398022,1.39327704544488,21.6434597937669,-5.80052411952166
11.8644422220915,0.0850475667181364,1.23538019817164,23.0834835607303,-6.25540935596221
12.8784348511466,1.95718654840778,0.95987231766661,23.6975376121474,-5.78230776282162
10.5349338872874,0.89075379242399,0.71498684193956,24.9861932808753,-5.58445545955865
11.9783039959748,0.520929895350067,-1.75838766139447,25.3487379849856,-4.7095395017532
11.8572353240355,-1.13055836791551,-2.32547673882642,24.485592578243,-3.50254685829663
12.6793890601835,-0.0672669548385918,-0.585376121906471,24.81978371093,-4.77152114339197
10.7244755375511,1.57558765396527,-1.76807354397887,25.0830997246532,-6.41902511182895
10.9156956752718,-0.373979982638352,-3.33590637622544,24.4931326711029,-6.1155245431103
11.4340923728901,-1.4810785724427,-4.36838139879869,23.1156216342163,-4.69761713120248
12.2893513897279,-0.00245592009954998,-3.88038144941285,23.6598710148678,-5.4574489479689
14.4288252960467,-0.513922083638719,-3.20579023394041,24.6668347271543,-5.68745760136769
13.4112953364082,-1.99212329536287,-2.89383822958619,24.4241481525762,-5.65768040825723
13.1676667248088,0.559779770853961,-3.86252637382112,25.7863566683882,-5.40309257571898
11.8540810956929,0.758476661807781,-4.18106621599993,24.3867158362044,-6.3368091262347
10.0268744874088,0.802993576475625,-3.4303945844339,25.2921083601113,-7.26917473320147
8.83481972821972,-0.246007652064712,-3.70669931229351,26.2974898394832,-6.56407020432184
8.8440257629175,0.338209336149131,-2.5079669424462,25.8004390869183,-4.19373050924488
9.15316227896068,0.218791012908035,-3.54921079565961,25.8866302481604,-2.90110752201447
9.54850705897377,-0.288526497724064,-4.6903157840538,26.6258671828489,-2.25867224315412
7.63052226406847,-1.02128442641478,-3.80674195519202,26.8866160758589,-0.840278650612747
7.83010763109041,-0.115504308956801,-5.59122524765331,25.6868336800878,-0.975184819139666
8.25307017230709,-1.02623857191231,-4.60902630077129,26.2466591108281,-1.80830645133097
9.93423986353885,-1.65111230333976,-5.6187777062214,26.5983554597979,-2.91126145487052
10.003182147432,-1.17694810925496,-5.53627456972107,27.4526968079078,-2.78266601103053
9.73571169892784,-0.59227390007505,-5.30038833578959,27.2985967479111,-2.94836934781176
11.1108913372119,-1.14352873827789,-4.11502746890352,26.3857359804046,-4.74604781367321
11.2391763099466,-1.85187471945875,-3.80762221238462,26.0247381935559,-6.26173127688636
10.7254197473071,-1.31614870876786,-3.81025235565607,26.3356866076521,-6.41205217758268
11.1971088569522,-2.1196938206265,-4.01586284771446,26.511395284752,-6.02944432821676
10.9673611917658,-3.93243007786759,-2.44843925279601,25.1841463101956,-7.76282336868243
9.88575963527307,-2.69604840225498,-2.3455999513109,24.8167857652865,-8.21069482795118
8.94556895607795,-2.73334035803335,-2.72969292341255,25.0657189556855,-8.80054953277466
10.0606368198595,-2.96751025916305,-3.29805859422846,25.3148136350806,-10.0006022353218
10.3909545090248,-2.78407106793201,-3.24967803487692,25.3982911917829,-10.1816026887904
10.6818960407328,-3.03363385286933,-1.03961515292789,23.6068557430755,-10.2922331630757
10.8058678483132,-4.22362975357612,-3.11407224680932,24.3926828795224,-11.7149712048232
11.9013528914532,-3.01798734699673,-3.44932089335731,24.357973527861,-13.4155271376563
12.8972005807774,-1.30903158331154,-4.25756307534553,25.0910863289363,-14.1121372090485
12.3124265831636,-1.57550957767657,-5.31702921005291,24.5061292821923,-14.121886734604
12.3786882864708,-1.5786832337197,-3.33695610876626,23.5131190692795,-12.2285114468351
12.5395602939001,-2.34211800556928,-3.18326672817529,22.857860596845,-11.8848199369443
12.2727624241771,-3.88944963647787,-2.01561581052925,23.5216804134576,-11.1706352132888
12.6023284835704,-1.21086704023719,-4.02360002215078,23.0870993853705,-9.54390420548992
13.4002195228942,0.33252490097918,-4.85896442059405,22.2234489551809,-9.88033098591318
14.1276091467962,1.25590496840315,-3.00243411240482,21.4135563909099,-11.9255966200018
15.4990142027532,0.231319333430474,-3.03349444258268,20.8558707083535,-10.9341486586365
15.0263256546416,0.389129230389259,-1.89505158926982,20.8297963017204,-9.84674165546003
14.8771209418283,-0.855555883004057,-1.03361169931391,22.2572536064473,-11.8088301024397
13.2658874571228,-0.470344735063853,-0.252990232105904,23.6936505971435,-11.0127873845594
15.9321102753781,-1.64606474076291,-0.496706578667117,23.8676159801628,-12.2041782954578
16.8272976067461,-0.301188051163263,0.777231667742998,24.2896806112355,-10.5722225910497
15.2893299476659,-1.43803133036247,1.01611270738955,25.6940637555341,-10.036565792102
15.4249001746163,-1.89256170191849,0.68824077882756,25.3328042778992,-10.2886784250197
15.1672292231072,-1.68623502523867,1.13123489719372,23.6382551863345,-10.0343091949601
14.3064150694338,-0.494274934985685,1.67451805804325,22.4545896863991,-11.0488926095902
14.6618792278214,-0.992090989146264,1.05770599275952,22.1024777552347,-10.2438703807914
14.5122746557772,-0.179055188327243,0.152711603861954,22.2009906164276,-10.119493291965
14.594062027889,0.0109800955476715,-1.04033145755557,23.2771027068856,-9.82486040599357
13.7045984963756,0.628540419357771,-1.36153453643756,23.3920349375474,-9.61114427715849
14.9988730195312,-0.164280168392451,0.189547518993612,22.9955423122449,-10.1232151057424
16.5094342616413,-0.648681877419167,0.29405212260041,20.9898242215454,-9.47163172891941
15.5632297607797,0.656176146082005,-0.286268771387001,21.4854981992117,-9.5734942440972
15.0166895333236,1.76608713883643,-0.0782464493680193,19.9872135940606,-10.106145578745
14.4683189302608,0.625305203622719,1.83246746653929,19.1056266065229,-10.5441013795524
15.1193008304284,-1.34034771038843,1.84529777850795,19.8118164224285,-12.3271105736712
16.3580729838424,-0.931596465880696,1.55121966397329,19.0395428867444,-10.6373210447106
15.7282783942576,-1.27256493142449,1.66694817588439,19.2235534160014,-10.540844088291
14.9701243124104,-0.468479271749527,3.35081623357748,20.2413829813526,-9.14637619470815
16.2379471286702,-1.29287539882645,3.96053444912658,19.9230930407743,-8.9126962009271
17.3313845192455,-1.63813254025959,7.26385865363462,19.2870033732363,-9.73614100198073
17.2500077193524,-2.8138048306323,7.59563482132636,20.2557217667387,-9.5813114632089
16.7476877522844,-1.98192859368349,6.03430033582221,21.1688556288122,-10.0771116922242
16.4862498618018,-1.55361338614326,3.46452135893765,21.5329831437316,-9.76710398589007
16.7867269129595,-1.93455228402554,3.2271330453809,20.8214442142999,-9.44782878241877
17.4310497904485,-2.51577709373803,3.62687023336932,20.4750474126042,-9.18811469112473
17.8499524649134,-1.86312663566989,2.16975366899578,19.8733043023047,-10.0886471528703
18.5526048113744,-0.986324137279819,2.41426495416219,17.9573560602602,-8.21914573986704
19.1558663406153,-0.60180531478569,1.99709492202563,18.0858316138494,-7.91739707663152
18.7436561338898,-0.314784695993943,4.19395540433625,17.1774987037779,-9.33355597192417
20.1197683101367,-0.151247829696022,5.31500736512196,17.4678995663648,-8.10448483716233
19.4562080118431,-0.953474301925287,5.5133674548782,16.6924443456092,-8.73737377849328
19.9076803807592,-2.14251942506204,3.58679137055554,16.9010707076327,-7.62408097410252
20.9908199391085,-0.109643780761485,1.88497270595986,17.3046877404069,-6.12868350548439
21.9515213355868,-0.549639561525124,2.68338147592218,17.387428683002,-5.32521670477574
23.837106662635,0.13868188442557,3.40702929562699,15.2987341984567,-4.34629929215614
23.3531156154472,0.862819378575885,4.33569962980712,14.7522896135644,-4.99411061202962
24.1113911519433,2.59669179124437,5.63550988215688,16.6273618931598,-5.36887141056946
24.3076776779842,1.3028127439241,7.26106082571349,16.7274265723947,-4.35007340897472
22.772203061579,1.45579160738869,6.39702001808713,15.3309335373955,-3.34563108115963
22.5816581845967,1.0776505104217,5.56009557829664,13.9699163086885,-3.49143650052001
22.7196472028428,-0.903931741018381,5.86913512910684,15.2856271977181,-3.65655525317686
22.0882945477522,-0.320695702441451,4.92431146414975,16.1778510432547,-3.13279270964031
22.0437975019568,-0.740221723234444,4.16248508282037,16.9423555716546,-1.98523216703709
21.2749881709533,-0.534502143294292,4.0185059486669,16.002008007121,-1.6132791578763
22.746589059633,0.0465337437000748,3.19530007883578,16.377999946594,-0.231073147397423
22.6591819431466,-0.541712597515157,3.38551783092093,16.4152076987453,-1.19405936527654
22.4606358626964,-2.44286751546129,3.64060682904082,17.4340939667234,0.0467545029840606
23.057027422723,-1.59404615550526,3.13426659837345,17.1449891463057,0.148620834946123
23.2261330315498,0.673879205458977,3.01873924195714,17.843968834879,-0.187213749642972
24.2769250496179,-0.853855540030915,1.37295891973198,17.5004206273766,-1.54286706686581
24.2224167245369,-2.32511097021391,2.30408014273095,18.4473648975884,-1.60818460308564
24.0903746922931,-3.15670435209469,3.29730676148753,18.0337667440495,-1.45269626572626
25.6268919091275,-2.53018264026512,2.85864173825433,19.4204778980806,-1.24497181602648
24.3657221482612,-1.38501548620767,2.57291381370462,19.6934860590756,-1.04087877096157
24.1173509731769,-0.00643286370237783,2.8459188489948,18.7379333903269,-0.397899881429321
25.9598556959661,0.128327259635962,1.26207785112866,17.6281609752251,0.624319235871522
25.0272888891736,-2.36670089613711,-0.424991022735795,16.5335377282225,-1.18423163438392
24.9674241719694,-3.31330044870047,-1.49257294258135,15.5665132641771,-2.17118478006908
26.1858972995139,-2.72680912657459,-3.93986465102149,15.3930452820254,-0.516947418543045
26.2011785351975,-4.72907773798771,-4.05116764048152,15.0476795418722,-0.960414077865579
25.6977494318827,-2.30550618473104,-3.85460953236441,15.1758030267682,-0.546952306994483
25.5418337051679,-1.98908642102883,-3.70250595376549,16.603689314399,-0.374077944961649
26.787303626047,-1.69892337648932,-1.78062097026497,16.9098354584087,1.08728012308061
26.4624096543508,-0.830658281215395,-0.310944398637834,15.9242708482362,2.01330483897968
26.1299131984882,-2.17738766253848,-0.883215211360715,14.6081937712297,2.61591548317501
26.3430631398999,-1.74786523176121,-1.44552217381691,12.2675163260816,3.45190516205548
26.6913678893792,0.0668874468149965,-1.7228157773966,13.9844987873073,2.74216336940337
27.4062660372697,0.0225432061969918,-1.78032392616187,13.8032628163604,3.27250076179984
27.7391138546368,-0.702710747204114,-0.74997906115061,14.2748455250344,3.89970479161399
26.868972443032,-1.40680344630495,0.0240526234593547,13.2487673270916,4.09535154565987
27.2619477359967,-2.69817630531323,-0.463868617265904,13.6591643454852,4.16627817584474
26.8771435749551,-0.880614610875289,0.377721788098182,12.1005942581012,3.66065837758758
26.8538985634473,0.6688596254794,1.30702709467716,11.3168110383327,4.42299174925758
26.930001547791,1.88945461222982,1.0489780658742,13.0796408197312,5.24378235374875
27.3951831950382,1.12268239719232,0.440915739933172,12.1715776993238,5.05009530349493
28.3445711996853,2.01930178457345,-1.05444109531503,11.8392031038179,5.28020280752378
28.4999378681127,1.40753626820572,-2.16639609317395,13.0428953215152,6.97968315574899
29.0818540128884,0.761312288058558,-2.26244094561706,13.2426642697612,6.26506882624668
28.0867191211358,0.748166085989393,-2.76620636479797,14.0337390349303,6.07058409640443
29.637130387962,-0.257591611675842,-3.42396271569871,13.8190291872789,6.97757385243775
27.9772826127439,1.13095007537986,-3.07497020149622,14.0400402770867,5.6749548109012
26.6227781339886,0.962643257785725,-2.51344215978142,14.887532397876,6.38662876216526
28.8441992000394,0.464483871988932,-3.91916482335918,16.9255180103407,6.41810325228824
28.0514061973013,2.27727573125562,-2.99382115668857,16.0326603672152,6.84767236750383
28.8147222722453,0.158615774771986,-2.5903334381745,15.5421990372403,5.84017730504981
28.2207672585261,0.615552730025561,-3.34591760434692,16.5276807805181,5.4030468912744
28.8072627943113,1.14608121545134,-4.94262283111524,17.5461771746724,4.00436281159962
27.9522077177081,1.0232247985899,-5.18149122541661,17.720969092745,3.23086135081187
29.4230376922042,1.21384826828002,-5.31039718967254,16.8809336697688,2.94187642025031
29.0559192666999,-0.228949394507936,-6.74389479100902,16.5721292852467,2.41916243820935
30.1111409489208,-1.24123170786063,-6.66323608706728,18.4046411194481,2.09083973446685
29.5067663123339,0.0831110192383628,-6.00477379042033,20.6695881699389,1.54939985013165
30.8558442896274,-0.560342202901873,-5.86705348737409,21.3139092383188,2.17453406499216
31.4910070366083,-0.699255054260561,-5.51221352277857,19.5505225723932,3.44473584904892
32.0874195531105,-1.32976850757823,-4.15849089442839,19.726489485459,3.05682386971461
31.1901672385253,-1.74807975359627,-3.63463542248083,18.6633351255324,2.0977127671606
30.0451773512699,-0.814405713220125,-4.08160187900089,18.7585815248436,1.95245931935649
28.1532137290378,-0.446893845971667,-4.0162306268069,19.8799933365134,2.61256231588036
27.3428586458627,-1.19863152111117,-3.90834764675905,17.6292037103864,3.01246277432226
30.2243551422428,-0.0306839183165392,-2.14174899449256,18.4701419283949,1.28901071407794
32.5040772387537,0.718662712905152,-0.451565628269253,19.4524481136107,2.46484349779701
32.688930870165,-0.443948659490879,1.34951150290574,20.1939268809394,2.21395703205412
33.1555940570353,-0.917735923773078,2.43822025524971,20.9389441695848,2.21766763976357
34.0485571551093,-0.2069261340205,3.12419558061936,21.2393574496373,2.51657380317997
33.0139510255058,0.0595975988595459,2.85058196527481,22.020844470596,3.98564337028875
33.8779008377128,1.90104337586234,3.85449041974809,22.6755504423031,2.33693046893693
33.4111453527596,1.87144324738437,3.54165406969205,21.8319947961791,2.72614013437202
32.3051913923628,2.20522404732687,3.75794283323354,20.3654788381032,3.94948405602413
29.9366674866926,-0.251711228033043,4.06502461475448,19.2268531063273,4.6645880955093
28.1049591790738,-0.889762405741055,4.302482003962,19.6440099307623,2.96374882401641
27.3660794125508,-1.984362577375,4.46989421991803,19.977690931884,4.10242472296702
26.9374583895697,-1.60725842401444,3.53422501213271,19.8609583302532,2.6388587373518
25.3862909354934,-1.8800828557851,2.68330540462772,19.6850673332426,0.977308319258513
25.5907626675368,-3.62913477192515,3.28028824012266,21.1218285012844,2.02150418661199
23.6209761738564,-1.65993288901941,2.26721169775433,21.5817277874419,3.00214209878032
24.629935229067,-1.11559895339433,1.31815838462892,20.7525459144454,1.0001386046151
24.1439633687667,-0.438359380075821,1.03429520020955,18.0341211165565,2.08274252803601
24.0705240587453,-0.033845511288453,2.26783637396615,18.2411584041289,2.64566126063828
24.6154366908654,0.677394575095986,0.866793265106895,18.1760909289051,5.36007459493257
25.0917713732661,-1.15904594048391,-0.518268722113872,18.0328530387069,4.44686992976736
24.7024679714079,-1.04640083476063,-1.58378570118893,17.143211778482,4.43139517925141
25.9155982345566,0.0719785479358767,-2.85436844815032,17.3392686630149,2.89598912322842
25.8087464167049,-0.60465256901973,-3.49472007545789,16.7821803831141,2.29334998652647
25.0699251372706,-1.07673047437433,-3.12455881816691,16.7251067164235,1.49004440939605
25.8789693020201,0.499736187194587,-2.16250381173426,16.0090851511977,0.255055448275265
27.2196478696015,-0.531687728038125,-1.77938793254427,15.6558709956266,-1.84664714081643
26.168325609964,-1.18683241001051,-0.256948806885348,14.2275759076792,-2.25591467664127
24.7127142988059,-0.653677691860725,-0.598315074445241,14.6120350977089,-2.21310823325973
24.280976405143,-0.329913816611832,-0.764757113995361,13.57348595271,-2.55799672613777
25.0545706274917,-1.70910398113478,-1.01309036106741,14.505965793013,-2.10899948411869
25.1091392743198,-1.85339154802242,-2.18483061539103,15.4190084494712,-4.10713310367169
25.2222992014499,-2.66175416573353,-1.057024595444,13.9771084003126,-3.990945607615
24.5184828863295,-1.47685351852177,-0.794104000200226,14.077993291457,-4.00267420420762
23.9844496363476,-0.559334630396482,-0.000439824435593872,12.8158133450262,-2.34873086447235
25.3685236755337,1.14100555283223,-0.182269577089606,13.8450625439197,-2.26359768147787
26.0071308553462,1.5209447155556,0.503257702278034,14.9947714635497,-2.21236692948703
27.013144105723,1.13529694147154,0.417493978921364,16.0094446002148,-2.44520418183489
26.1100967260731,1.12981890666393,-1.02495873919767,16.040234318522,-1.93957231571716
25.3382907859504,1.07881632694983,-3.06290742714738,17.4240492374989,-0.237043887059655
25.308693717913,1.81738752027563,-3.89109164788293,17.3000996971849,-0.436037043740716
26.074628655868,1.10635337857268,-3.91656589180409,17.4153038224308,-0.125353946074817
26.0686609851016,2.07266496413118,-3.67495505428541,17.1657294220521,-0.136486297575507
27.2908804114874,2.97105662988099,-4.83245437442028,15.599082125475,-0.144930287029949
27.478727099443,1.34376644469371,-4.88690100508703,15.4132554229835,-0.666340287618466
26.2938260719014,1.23028046665455,-4.75434837537771,15.8294085923788,-2.45659377230386
26.6794403274264,1.79844753840912,-5.6056765083153,14.7915498718813,-2.16271956048865
25.3794002451453,0.790127320285246,-4.83746130674918,14.2846431272086,-2.84713276576105
24.5049023281962,0.185127152108786,-6.1969358970611,12.8553236401894,-2.09891958566686
24.3821641156344,1.39600481905307,-6.29163289828171,12.0510038994469,-4.64805743179103
24.0816645065656,1.10427176289358,-5.81356552700479,12.7839921600194,-3.97273366517091
25.5049398938078,-1.28887967151118,-4.35952378905541,14.809865857112,-3.79341796524363
25.5112860063558,-0.446328154766512,-3.43187628715297,14.4335017166695,-3.03126915045636
23.6405334789672,1.0064686621824,-2.9408976760752,14.6243150404394,-3.79959226772909
21.7675949161937,1.76443445339863,-4.74231684213544,14.7177627908107,-2.46829344874397
22.2428123227036,1.14824219289871,-4.84653852519979,14.9586321504019,-1.75144676669799
21.2092031611658,-1.60397977049831,-7.14178315448634,14.5892196249244,-3.81470001916891
19.7707996965965,-0.571826440683207,-7.5459335811165,13.2171675911568,-4.20608032647555
20.3973221731736,-0.382366313045697,-6.47582355429289,13.6757418825635,-5.44080487611771
19.8692703080558,0.0592789641734653,-7.15358412550816,14.0216617440901,-6.0807904704532
19.1186378025468,0.881789137084917,-8.41601022654861,13.8020788812976,-5.99553439793678
19.6476867304543,1.24930255762236,-8.54949158011834,14.0642599058566,-4.81731185183643
20.237189914589,-1.20423602816508,-7.66805688149111,12.0894236994286,-3.73106196117293
20.6850528618425,-1.02923544720688,-5.75909273510714,10.9502722956685,-4.31303751173768
21.2242787553984,0.591602648751676,-5.18906780504989,11.339562527523,-6.69289050686817
19.7650158762651,0.0105448397344575,-4.3017280323445,10.7208295072612,-7.58240468369433
19.2845756881382,1.2773331659508,-3.29411335619663,11.0463955818958,-7.96858554317733
20.4337182733974,0.612214300998188,-3.4346656097193,9.1387522609547,-7.09099949972375
21.9411024011329,-0.108111832793687,-3.4645298356089,7.85333946725402,-6.27385292565942
22.3181052693572,0.518180839572882,-2.20886218217772,8.61501611477808,-5.94007660894977
23.0848159285724,0.318750320797719,-0.89261977821378,10.7349970092431,-6.48548058126449
23.9069721938621,1.66647252889554,-0.621659701785866,9.97653269299855,-5.64936575167819
24.4566420482362,1.68337096730155,-0.176950200900439,9.10444553426052,-5.52872318484314
25.0450883892484,2.73506048828709,1.86986498125498,9.03404575712248,-5.21934113434974
25.5844206173702,3.06742315353137,2.66198280798497,8.43179807382274,-4.6241630734571
25.4608659015615,1.98969650072021,1.1259214850009,8.62851180867812,-5.54488741406847
25.1311842861005,1.62160450417677,0.612746236852993,7.87287205224545,-5.39797702523311
22.2572602843011,0.351192167127482,1.04482818407789,7.69020461682129,-5.58437244723977
23.8978545058165,0.459442904310003,-0.183590728147499,8.32447818297852,-4.48658971209099
24.4727131712893,-0.582268865113562,-0.108054436854824,9.12830984350003,-6.10905298076644
24.835302960345,-1.19276384278933,-1.66619143626803,9.14479830581157,-7.12344434794495
26.2710022140254,-1.49213948077559,-2.81287665429579,8.74500846312936,-7.62832641142548
26.305906480781,-1.91211277054966,-2.33546097775214,10.1910985740537,-6.9114431604553
27.532587585574,-1.96075770689912,-1.85269137926581,10.5733036342514,-6.81280834518484
27.5918335128704,-2.91521883396693,-0.832029679111027,11.265608636296,-8.24629692285973
28.1931517544044,-1.50444291866322,0.312734034841133,10.79105445451,-8.83906511082918
29.0029688256868,-2.37289573360967,1.75242562214222,11.4951187862923,-8.66446585015534
29.4725725291586,-1.29541588133076,0.790551677921371,13.0462228466244,-10.1688182389688
28.8429249053649,-0.88191503567194,0.760076882108772,13.536557031784,-9.57878697952564
29.683793253796,-3.26960945771177,1.06581213125029,13.858696903162,-9.06499447803948
27.5050808659191,-4.6106082892048,1.26488379167032,14.8577242816908,-7.79098831023937
28.3885119613645,-3.15855146683265,1.68585709829475,14.3998487171145,-7.13264700563202
28.3300774794499,-2.80945039794627,1.3755930930603,13.6928430782852,-7.12325592171973
29.2904189815769,-1.97875365868586,3.18306466485578,14.3988988442936,-7.59409896526241
29.3594738756573,-1.51096903177551,2.92893863151284,16.1071501740548,-7.81206226522874
28.3524367959947,-1.66923885159084,2.79046769116522,15.4238841770551,-7.80405293669254
26.7968240417138,-1.12784141406706,4.70216732008065,15.3421077573146,-6.62499513803122
26.1933361814793,-1.82817210616741,3.4953245605772,14.9274278544789,-6.45269916658184
27.5911005877152,-2.07862405963511,1.90405488681586,14.4210672367004,-5.43959388495215
28.0052600958167,-1.04276539854902,0.880365197182571,14.5142648103267,-4.42995988945989
28.1589773622135,0.0172299859673547,-1.23587847649954,14.2914426283767,-2.24734310493453
27.7088028731384,0.224671612750727,-0.781305729822428,14.2125491046231,-2.7559726215168
26.7658666388968,-0.298029853476253,-2.25765104977586,14.7069581651504,-1.98179224402956
25.2558991823395,-0.400781046299142,-4.82774888467842,13.6365161366521,-0.920218265422539
27.8746029942517,-2.11020709082313,-6.8385705532881,12.7074978417117,-0.572622840266922
28.425732522187,-1.04352726185021,-5.79802588794143,14.5078685905528,0.254823362240089
30.3813274995821,-1.90487617731127,-4.14839114233928,14.3790548533319,-0.144691569207697
30.9484355783604,-0.113986588707672,-4.12567314430159,15.0843312093928,0.0875822260347648
29.7526299066451,-1.18285795655623,-3.05882545286654,14.4315020485557,-0.532863374502147
30.6294215434043,-0.277916722937268,-3.22219373086345,14.296617112766,-0.910451532417356
29.0885730038151,-0.333111509058259,-3.94829342286031,15.7549313711362,-0.521940912772771
29.2818352453069,-0.193518732775318,-4.81985046023374,16.9941694391763,0.509790126151328
30.7695922173043,0.132208628436362,-4.27594048728187,17.6132257740259,1.955583976722
31.7244553015358,-0.891262534654354,-3.60665527697539,17.9144507175192,1.7929664099989
31.5926784847249,0.344000642582797,-5.73315422082162,18.4402686072307,2.12822584154489
32.8088775995138,-0.280394630268869,-5.84055029038518,17.4508999826789,0.466220912907716
32.8251997986428,0.583475140929678,-3.99617054165756,18.1168520872053,-0.386182595136425
34.1359314401263,-0.0136116741622405,-2.75410670207507,18.3530341085494,-1.2659431582835
34.5193939238791,2.09418925744869,-2.43589785293966,16.8150700106637,-3.04168908226062
33.9078830648284,-1.322836283651,-2.60236613391307,15.8487343772909,-3.45471103544555
33.9886869459763,-1.25648247606994,-1.50414642546817,16.2422089938624,-2.98098071313683
31.4408231921983,-0.189820553664029,-2.87389660496607,15.3104218157224,-2.68732743274933
31.7027246627157,0.0434701383236031,-3.69318317831425,17.3831681487911,-3.69069380642165
32.4814706522956,-0.70159120605898,-3.50112687085109,17.2624362044589,-3.32238620949031
32.9786260230986,-0.646351303264086,-1.70239646001562,17.420913397833,-4.73005988567329
33.6908686992717,0.597269262310312,-1.63720930801359,15.8276251579978,-4.87645140512312
34.7387433635113,0.80150182845024,-0.482065175958756,14.8413703821446,-4.61107732539923
35.9969094360168,3.18470933507916,0.29900922715831,15.3351603459801,-3.66797797318883
35.4685858619854,2.34689720614659,-0.476785891269052,13.8626730557665,-1.83115906076297
36.0936741516216,-0.381621060086284,-1.94677817835586,14.0369519567066,-1.32700510167286
36.7434164862115,1.6786189293715,-3.01430797030212,14.2884462056561,-2.04336209230906
36.7047949931004,0.853416986269605,-3.32318287836962,14.6198400143959,-1.57625014250972
36.5488144502677,0.972274186304575,-4.62940491678767,12.7585547005643,-1.56715200754054
37.0124724179757,1.1677099138904,-2.24725099674578,12.8196455456555,-0.822908945003645
36.6339007364022,0.836541160106087,-0.842392265810229,12.3187937353365,-1.66279377898689
36.7167709719143,-0.231362313039136,0.323579652042028,11.5636041544083,-1.33723115949999
36.5625009503933,-1.1690676423937,-1.69086472749928,11.1833287384028,0.619381757200346
34.6198907048396,-0.847903939241659,-2.47009183697045,11.5641566938073,2.3062866243914
33.2080972517249,-0.942282937468277,-2.13400045367923,11.6535960161224,3.38507721279785
34.0709980109138,-0.561656710658059,-2.53731179031335,11.8992248842818,3.53712030745334
35.3543466403408,-0.395065954260416,-2.36986118738821,12.4181726031973,2.79275141957474
34.0436713406598,0.167405707396308,-0.958815376202363,10.5433527040401,3.42141122192581
33.9390212081324,0.328905838199612,-1.81206962055652,10.9117401997374,3.80032608380154
34.7468315867869,2.82197836581912,-1.49870950307462,11.1215004085285,4.66778322871541
34.5702648464314,2.94512830809697,-1.095448305782,11.7990684199814,4.45979080704403
34.9325619325989,4.45783348994554,0.391567474502397,12.4231069701836,6.312237389294
35.0210855099436,2.92872991779786,0.111561070549239,12.7025479474438,7.08005550901135
34.4443748570898,2.12690935881596,1.89629782741525,12.0301014752927,7.16790776309244
34.3416127639047,2.50205789939142,4.08001293867689,10.2622600919655,6.34895267990676
33.0410744689614,1.16479646359749,4.68143152431492,9.96628731920515,5.91217896142122
31.3860701926961,-0.0766853186113761,3.55399208614974,9.3696314109525,5.94045664638953
31.3094879779212,-1.31822999573513,3.76011327423448,7.89482528322628,6.69309047030901
32.659510767763,0.253259155959672,2.82391283976389,9.23994501779315,5.98241250521232
32.4241666762892,1.24481246921947,2.4623411489116,11.0288692383042,7.00073087552793
32.7171041422726,0.265461985864061,1.912610619215,11.8301214389237,7.40654232078509
31.392551996001,1.43102769714336,2.85926340898748,13.8202880564443,7.42947572505767
31.02866558749,0.974386523879934,2.08825177023457,15.170937511758,6.77881086971045
31.2883193735827,3.45194032612911,2.32088655403693,14.8414450550011,8.2832404482331
31.0019520288143,1.94201895773382,0.458205786560967,14.2557417778089,8.94214112504734
31.3857530113908,2.93573727533409,-0.676553217433483,14.3961619021046,8.54981930966529
32.905686582983,2.17164278545018,0.47293518717306,15.3284648055362,8.84290753907265
31.4948514785039,3.30686611268372,-0.36420933687492,16.6732565618656,8.81357367310918
30.3072446599192,3.22607809555198,-0.620035986117113,16.7836144422367,7.47317785661731
29.8686540885368,2.05252342733039,-1.26792267101477,15.5975582859083,7.50350665576339
30.4994715932846,0.867167392081994,0.161217910396989,15.4111081808412,8.45416830450906
30.0648868065184,0.890341357862218,1.07718135719164,16.6964548152537,7.25926904956389
28.5459436296051,0.102146196567835,0.589210830865007,14.4253486854693,6.33539602537952
28.2590640210649,1.18858473143321,0.649019859546631,14.6283914958511,5.88932807072435
26.8133607034297,0.714226437120271,1.65480051608009,12.8281361326218,5.12245599213926
24.7719673519383,1.61189891684345,1.11544609453901,12.5442379864889,3.94775889598364
25.6901343923176,1.56388853666325,-0.689717359647727,12.6450280949107,4.29581027128744
25.6733053754362,1.98649120624074,-1.10837965974329,11.3879439100194,4.35811658564239
27.2022431513661,2.34864511313955,-0.942845780751165,10.658600166544,4.04596275224214
26.1512743521209,3.73662078652538,1.1093127037763,10.3538127230791,5.06454123899567
26.0656976095035,3.99188833088027,1.72056798869393,11.0714654645694,5.20512088599898
28.4906622157983,3.49849205201614,0.398206649191088,9.91730059227125,3.51991317640644
29.9858446930081,3.0934873897373,1.15664174242925,9.43441611075324,1.50586248494385
31.2785398052855,1.52661436700334,3.00663706391902,9.49761936651497,0.0656128216703915
30.6845279874722,-0.503571955752035,0.4980311410051,9.23035095945092,-0.227512869947335
30.6937496388906,-1.19515968289553,0.453099997498121,6.92514435309267,-0.725336657625789
31.449719097327,-1.24588020562005,1.18832447289398,5.22595056627769,-0.332119321377206
